1681504836 0
104 52
104 57
116 67
103 64
106 53
115 59
111 65
116 56
101 53
105 37
102 49
114 48
108 49
112 63
110 61
110 49
105 58
105 42
105 52
105 62
111 61
110 58
108 52
103 58
109 51
105 53
113 39
111 61
112 67
109 45
110 58
105 70
111 49
112 67
112 55
102 66
113 70
106 67
99 61
102 45
109 56
106 60
101 51
111 49
108 55
110 61
113 63
109 58
111 44
102 46
112 59
113 47
110 69
107 52
107 57
108 54
109 54
111 54
113 69
113 62
109 57
109 57
103 52
114 48
107 142
108 62
108 51
115 75
104 58
109 83
112 81
110 48
118 52
105 62
107 57
111 62
112 55
115 55
112 63
111 72
108 67
113 53
118 68
112 72
111 58
112 91
112 63
107 69
113 56
112 58
110 48
113 76
106 65
111 45
111 72
111 74
113 74
110 57
110 60
112 59
105 56
105 60
111 63
104 46
113 61
112 61
105 56
107 61
107 56
105 64
108 51
108 77
107 54
107 64
106 50
104 48
101 58
101 64
104 77
103 43
115 56
114 59
105 41
102 73
108 61
109 64
107 54
107 52
106 64
115 58
108 59
112 65
113 77
112 65
116 70
107 58
108 70
103 66
108 52
107 55
113 49
105 73
109 63
112 110
108 78
114 60
106 64
112 92
104 58
104 71
116 74
114 53
108 61
114 56
109 64
108 74
103 62
111 74
112 69
112 85
115 86
114 77
109 60
104 66
111 74
105 77
106 83
109 76
112 55
112 58
111 77
109 84
112 52
111 73
106 77
110 66
114 88
115 62
114 87
111 95
111 75
107 70
114 47
110 65
108 52
108 65
116 61
108 69
111 87
110 83
106 69
114 68
107 44
117 62
103 69
114 78
107 86
112 46
108 74
112 94
120 69
120 83
121 77
115 63
112 70
110 70
108 67
111 59
107 63
110 60
112 63
116 70
114 60
113 69
114 67
113 66
113 60
112 79
112 60
118 75
117 73
116 56
112 51
108 65
107 60
111 73
116 41
105 55
104 77
110 71
108 53
107 63
100 60
107 56
112 70
112 65
108 62
112 59
104 58
111 56
113 64
105 61
109 65
105 50
109 56
109 49
105 58
103 77
101 60
103 54
103 61
106 46
108 60
107 51
104 60
109 66
108 60
108 63
109 63
114 70
109 45
103 46
110 52
106 69
107 44
105 65
107 46
99 55
104 52
99 56
104 53
103 54
151 115
